0.0	1.05451765717e-14	8.97555248129e-15	4.5535499231e-14	2.19798810695e-13	7.03452775647e-14	2.15790319309e-13	2.09223249963e-13	4.00621461918e-08	4.18851708488e-08	4.21204986123e-08	4.09891175701e-08	4.1647960695e-08	4.16748432032e-08	4.16913293982e-08	4.16818140335e-08	4.16963625307e-08	4.14586490937e-08	4.17003077254e-08	4.1657192118e-08	4.17480978558e-08	4.14447378005e-08	4.15867557135e-08	4.31213275193e-08	3.98588131201e-11	1.3694268961e-07	1.38512929203e-07	1.38577004038e-07	1.38242678464e-07	1.38242678464e-07	1.37274791274e-07	1.3918290889e-07	1.39101922966e-07	1.39101922966e-07	1.39101922966e-07	1.40072703405e-07	1.40072703405e-07	1.39547157411e-07	1.39374580692e-07	1.39365051605e-07	1.39326831831e-07	1.39427501922e-07	9.24760141187e-07	9.16995146013e-07	9.00246928054e-07	8.87812177037e-07	8.83394055611e-07	9.15868954663e-07	9.04668380606e-07	9.14245855473e-07	9.11130511557e-07	9.08056283665e-07	9.04875935452e-07	9.11343259502e-07	9.10619116626e-07	9.15288340401e-07	9.14251163863e-07	9.1205238666e-07	2.80727129803e-06	9.06919266334e-07	7.60412976835e-07	7.68760141187e-07	7.31436460565e-07	7.75781698033e-07	7.46460842034e-07	7.63426707876e-07	7.72764553457e-07	7.73984493421e-07	
1.05451765717e-14	0.0	1.56962409037e-15	3.49903226593e-14	2.09253634123e-13	5.98001009931e-14	2.05245142737e-13	1.98678073391e-13	4.00621567369e-08	4.1885181394e-08	4.21205091574e-08	4.09891281153e-08	4.16479712402e-08	4.16748537484e-08	4.16913399434e-08	4.16818245786e-08	4.16963730758e-08	4.14586596389e-08	4.17003182706e-08	4.16572026631e-08	4.1748108401e-08	4.14447483457e-08	4.15867662587e-08	4.31213380645e-08	3.98482679435e-11	1.36942700155e-07	1.38512939749e-07	1.38577014583e-07	1.38242689009e-07	1.38242689009e-07	1.37274801819e-07	1.39182919435e-07	1.39101933511e-07	1.39101933511e-07	1.39101933511e-07	1.4007271395e-07	1.4007271395e-07	1.39547167956e-07	1.39374591237e-07	1.39365062151e-07	1.39326842376e-07	1.39427512467e-07	9.24760151732e-07	9.16995156559e-07	9.00246938599e-07	8.87812187582e-07	8.83394066156e-07	9.15868965209e-07	9.04668391151e-07	9.14245866018e-07	9.11130522102e-07	9.0805629421e-07	9.04875945997e-07	9.11343270048e-07	9.10619127171e-07	9.15288350946e-07	9.14251174409e-07	9.12052397205e-07	2.80727128749e-06	9.06919276879e-07	7.6041298738e-07	7.68760151732e-07	7.3143647111e-07	7.75781708578e-07	7.46460852579e-07	7.63426718421e-07	7.72764564002e-07	7.73984503967e-07	
8.97555248129e-15	1.56962409037e-15	0.0	3.65599467497e-14	2.10823258214e-13	6.13697250834e-14	2.06814766828e-13	2.00247697481e-13	4.00621551673e-08	4.18851798244e-08	4.21205075878e-08	4.09891265457e-08	4.16479696706e-08	4.16748521787e-08	4.16913383738e-08	4.1681823009e-08	4.16963715062e-08	4.14586580693e-08	4.1700316701e-08	4.16572010935e-08	4.17481068314e-08	4.14447467761e-08	4.15867646891e-08	4.31213364948e-08	3.98498375676e-11	1.36942698586e-07	1.38512938179e-07	1.38577013014e-07	1.38242687439e-07	1.38242687439e-07	1.37274800249e-07	1.39182917866e-07	1.39101931941e-07	1.39101931941e-07	1.39101931941e-07	1.4007271238e-07	1.4007271238e-07	1.39547166386e-07	1.39374589668e-07	1.39365060581e-07	1.39326840807e-07	1.39427510898e-07	9.24760150162e-07	9.16995154989e-07	9.0024693703e-07	8.87812186012e-07	8.83394064587e-07	9.15868963639e-07	9.04668389581e-07	9.14245864448e-07	9.11130520533e-07	9.0805629264e-07	9.04875944427e-07	9.11343268478e-07	9.10619125601e-07	9.15288349377e-07	9.14251172839e-07	9.12052395636e-07	2.80727128906e-06	9.0691927531e-07	7.60412985811e-07	7.68760150162e-07	7.3143646954e-07	7.75781707008e-07	7.46460851009e-07	7.63426716851e-07	7.72764562433e-07	7.73984502397e-07	
4.5535499231e-14	3.49903226593e-14	3.65599467497e-14	0.0	1.74263311464e-13	2.48097783337e-14	1.70254820078e-13	1.63687750732e-13	4.00621917273e-08	4.18852163843e-08	4.21205441478e-08	4.09891631056e-08	4.16480062305e-08	4.16748887387e-08	4.16913749337e-08	4.1681859569e-08	4.16964080662e-08	4.14586946292e-08	4.17003532609e-08	4.16572376535e-08	4.17481433913e-08	4.1444783336e-08	4.1586801249e-08	4.31213730548e-08	3.98132776209e-11	1.36942735146e-07	1.38512974739e-07	1.38577049574e-07	1.38242723999e-07	1.38242723999e-07	1.37274836809e-07	1.39182954426e-07	1.39101968501e-07	1.39101968501e-07	1.39101968501e-07	1.4007274894e-07	1.4007274894e-07	1.39547202946e-07	1.39374626228e-07	1.39365097141e-07	1.39326877367e-07	1.39427547458e-07	9.24760186722e-07	9.16995191549e-07	9.0024697359e-07	8.87812222572e-07	8.83394101146e-07	9.15869000199e-07	9.04668426141e-07	9.14245901008e-07	9.11130557093e-07	9.080563292e-07	9.04875980987e-07	9.11343305038e-07	9.10619162161e-07	9.15288385936e-07	9.14251209399e-07	9.12052432196e-07	2.8072712525e-06	9.06919311869e-07	7.60413022371e-07	7.68760186722e-07	7.314365061e-07	7.75781743568e-07	7.46460887569e-07	7.63426753411e-07	7.72764598992e-07	7.73984538957e-07	
2.19798810695e-13	2.09253634123e-13	2.10823258214e-13	1.74263311464e-13	0.0	1.4945353313e-13	4.00849138582e-15	1.05755607323e-14	4.00623659906e-08	4.18853906476e-08	4.21207184111e-08	4.09893373689e-08	4.16481804938e-08	4.1675063002e-08	4.1691549197e-08	4.16820338323e-08	4.16965823295e-08	4.14588688925e-08	4.17005275242e-08	4.16574119168e-08	4.17483176546e-08	4.14449575993e-08	4.15869755123e-08	4.31215473181e-08	3.96390143094e-11	1.36942909409e-07	1.38513149002e-07	1.38577223837e-07	1.38242898263e-07	1.38242898263e-07	1.37275011073e-07	1.39183128689e-07	1.39102142765e-07	1.39102142765e-07	1.39102142765e-07	1.40072923203e-07	1.40072923203e-07	1.3954737721e-07	1.39374800491e-07	1.39365271404e-07	1.3932705163e-07	1.39427721721e-07	9.24760360986e-07	9.16995365812e-07	9.00247147853e-07	8.87812396835e-07	8.8339427541e-07	9.15869174462e-07	9.04668600405e-07	9.14246075271e-07	9.11130731356e-07	9.08056503464e-07	9.04876155251e-07	9.11343479301e-07	9.10619336425e-07	9.152885602e-07	9.14251383662e-07	9.12052606459e-07	2.80727107823e-06	9.06919486133e-07	7.60413196634e-07	7.68760360986e-07	7.31436680363e-07	7.75781917832e-07	7.46461061833e-07	7.63426927675e-07	7.72764773256e-07	7.7398471322e-07	
7.03452775647e-14	5.98001009931e-14	6.13697250834e-14	2.48097783337e-14	1.4945353313e-13	0.0	1.45445041744e-13	1.38877972398e-13	4.0062216537e-08	4.18852411941e-08	4.21205689575e-08	4.09891879154e-08	4.16480310403e-08	4.16749135485e-08	4.16913997435e-08	4.16818843787e-08	4.16964328759e-08	4.1458719439e-08	4.17003780707e-08	4.16572624632e-08	4.17481682011e-08	4.14448081458e-08	4.15868260588e-08	4.31213978646e-08	3.97884678426e-11	1.36942759955e-07	1.38512999549e-07	1.38577074384e-07	1.38242748809e-07	1.38242748809e-07	1.37274861619e-07	1.39182979235e-07	1.39101993311e-07	1.39101993311e-07	1.39101993311e-07	1.4007277375e-07	1.4007277375e-07	1.39547227756e-07	1.39374651037e-07	1.39365121951e-07	1.39326902176e-07	1.39427572268e-07	9.24760211532e-07	9.16995216359e-07	9.00246998399e-07	8.87812247382e-07	8.83394125956e-07	9.15869025009e-07	9.04668450951e-07	9.14245925818e-07	9.11130581903e-07	9.0805635401e-07	9.04876005797e-07	9.11343329848e-07	9.10619186971e-07	9.15288410746e-07	9.14251234209e-07	9.12052457005e-07	2.80727122769e-06	9.06919336679e-07	7.6041304718e-07	7.68760211532e-07	7.3143653091e-07	7.75781768378e-07	7.46460912379e-07	7.63426778221e-07	7.72764623802e-07	7.73984563767e-07	
2.15790319309e-13	2.05245142737e-13	2.06814766828e-13	1.70254820078e-13	4.00849138582e-15	1.45445041744e-13	0.0	6.56706934645e-15	4.00623619821e-08	4.18853866392e-08	4.21207144026e-08	4.09893333604e-08	4.16481764853e-08	4.16750589935e-08	4.16915451886e-08	4.16820298238e-08	4.1696578321e-08	4.1458864884e-08	4.17005235157e-08	4.16574079083e-08	4.17483136461e-08	4.14449535908e-08	4.15869715038e-08	4.31215433096e-08	3.96430228008e-11	1.36942905401e-07	1.38513144994e-07	1.38577219829e-07	1.38242894254e-07	1.38242894254e-07	1.37275007064e-07	1.3918312468e-07	1.39102138756e-07	1.39102138756e-07	1.39102138756e-07	1.40072919195e-07	1.40072919195e-07	1.39547373201e-07	1.39374796482e-07	1.39365267396e-07	1.39327047621e-07	1.39427717713e-07	9.24760356977e-07	9.16995361804e-07	9.00247143844e-07	8.87812392827e-07	8.83394271401e-07	9.15869170454e-07	9.04668596396e-07	9.14246071263e-07	9.11130727348e-07	9.08056499455e-07	9.04876151242e-07	9.11343475293e-07	9.10619332416e-07	9.15288556191e-07	9.14251379654e-07	9.1205260245e-07	2.80727108224e-06	9.06919482124e-07	7.60413192625e-07	7.68760356977e-07	7.31436676355e-07	7.75781913823e-07	7.46461057824e-07	7.63426923666e-07	7.72764769247e-07	7.73984709212e-07	
2.09223249963e-13	1.98678073391e-13	2.00247697481e-13	1.63687750732e-13	1.05755607323e-14	1.38877972398e-13	6.56706934645e-15	0.0	4.0062355415e-08	4.18853800721e-08	4.21207078355e-08	4.09893267934e-08	4.16481699183e-08	4.16750524264e-08	4.16915386215e-08	4.16820232567e-08	4.16965717539e-08	4.1458858317e-08	4.17005169487e-08	4.16574013412e-08	4.17483070791e-08	4.14449470237e-08	4.15869649368e-08	4.31215367425e-08	3.96495898702e-11	1.36942898833e-07	1.38513138427e-07	1.38577213262e-07	1.38242887687e-07	1.38242887687e-07	1.37275000497e-07	1.39183118113e-07	1.39102132189e-07	1.39102132189e-07	1.39102132189e-07	1.40072912628e-07	1.40072912628e-07	1.39547366634e-07	1.39374789915e-07	1.39365260829e-07	1.39327041054e-07	1.39427711146e-07	9.2476035041e-07	9.16995355237e-07	9.00247137277e-07	8.8781238626e-07	8.83394264834e-07	9.15869163887e-07	9.04668589829e-07	9.14246064696e-07	9.11130720781e-07	9.08056492888e-07	9.04876144675e-07	9.11343468726e-07	9.10619325849e-07	9.15288549624e-07	9.14251373087e-07	9.12052595883e-07	2.80727108881e-06	9.06919475557e-07	7.60413186058e-07	7.6876035041e-07	7.31436669788e-07	7.75781907256e-07	7.46461051257e-07	7.63426917099e-07	7.7276476268e-07	7.73984702645e-07	
4.00621461918e-08	4.00621567369e-08	4.00621551673e-08	4.00621917273e-08	4.00623659906e-08	4.0062216537e-08	4.00623619821e-08	4.0062355415e-08	0.0	1.82302465708e-09	2.05835242051e-09	9.26971378367e-10	1.58581450327e-09	1.61269701142e-09	1.62918320647e-09	1.6196678417e-09	1.63421633889e-09	1.39650290196e-09	1.63816153366e-09	1.5950459262e-09	1.68595166405e-09	1.38259160874e-09	1.52460952176e-09	3.05918132753e-09	4.01020050049e-08	9.68805434184e-08	9.84507830116e-08	9.85148578465e-08	9.8180532272e-08	9.8180532272e-08	9.72126450821e-08	9.91207626983e-08	9.90397767742e-08	9.90397767742e-08	9.90397767742e-08	1.00010557213e-07	1.00010557213e-07	9.9485011219e-08	9.93124345004e-08	9.93029054136e-08	9.92646856393e-08	9.93653557305e-08	8.84697994995e-07	8.76932999822e-07	8.60184781862e-07	8.47750030845e-07	8.43331909419e-07	8.75806808472e-07	8.64606234414e-07	8.74183709281e-07	8.71068365365e-07	8.67994137473e-07	8.6481378926e-07	8.71281113311e-07	8.70556970434e-07	8.75226194209e-07	8.74189017672e-07	8.71990240468e-07	2.84733344422e-06	8.66857120142e-07	7.20350830643e-07	7.28697994995e-07	6.91374314373e-07	7.35719551841e-07	7.06398695842e-07	7.23364561684e-07	7.32702407265e-07	7.3392234723e-07	
4.18851708488e-08	4.1885181394e-08	4.18851798244e-08	4.18852163843e-08	4.18853906476e-08	4.18852411941e-08	4.18853866392e-08	4.18853800721e-08	1.82302465708e-09	0.0	2.35327763433e-10	8.96053278709e-10	2.3721015381e-10	2.10327645657e-10	1.93841450606e-10	2.0335681538e-10	1.88808318186e-10	4.26521755116e-10	1.84863123417e-10	2.27978730878e-10	1.3707299303e-10	4.4043304834e-10	2.98415135312e-10	1.23615667046e-09	4.1925029662e-08	9.50575187614e-08	9.66277583545e-08	9.66918331894e-08	9.63575076149e-08	9.63575076149e-08	9.5389620425e-08	9.72977380413e-08	9.72167521171e-08	9.72167521171e-08	9.72167521171e-08	9.81875325557e-08	9.81875325557e-08	9.76619865619e-08	9.74894098433e-08	9.74798807566e-08	9.74416609823e-08	9.75423310734e-08	8.82874970338e-07	8.75109975165e-07	8.58361757205e-07	8.45927006188e-07	8.41508884762e-07	8.73983783815e-07	8.62783209757e-07	8.72360684624e-07	8.69245340708e-07	8.66171112816e-07	8.62990764603e-07	8.69458088654e-07	8.68733945777e-07	8.73403169552e-07	8.72365993015e-07	8.70167215811e-07	2.84915646888e-06	8.65034095485e-07	7.18527805986e-07	7.26874970338e-07	6.89551289716e-07	7.33896527184e-07	7.04575671185e-07	7.21541537027e-07	7.30879382608e-07	7.32099322573e-07	
4.21204986123e-08	4.21205091574e-08	4.21205075878e-08	4.21205441478e-08	4.21207184111e-08	4.21205689575e-08	4.21207144026e-08	4.21207078355e-08	2.05835242051e-09	2.35327763433e-10	0.0	1.13138104214e-09	4.72537917243e-10	4.4565540909e-10	4.29169214039e-10	4.38684578813e-10	4.24136081619e-10	6.61849518549e-10	4.2019088685e-10	4.63306494311e-10	3.72400756464e-10	6.75760811773e-10	5.33742898745e-10	1.00082890702e-09	4.21603574254e-08	9.48221909979e-08	9.63924305911e-08	9.6456505426e-08	9.61221798515e-08	9.61221798515e-08	9.51542926616e-08	9.70624102778e-08	9.69814243537e-08	9.69814243537e-08	9.69814243537e-08	9.79522047923e-08	9.79522047923e-08	9.74266587985e-08	9.72540820799e-08	9.72445529931e-08	9.72063332188e-08	9.730700331e-08	8.82639642575e-07	8.74874647401e-07	8.58126429442e-07	8.45691678424e-07	8.41273556999e-07	8.73748456051e-07	8.62547881994e-07	8.7212535686e-07	8.69010012945e-07	8.65935785053e-07	8.6275543684e-07	8.6922276089e-07	8.68498618014e-07	8.73167841789e-07	8.72130665251e-07	8.69931888048e-07	2.84939179665e-06	8.64798767722e-07	7.18292478223e-07	7.26639642575e-07	6.89315961952e-07	7.33661199421e-07	7.04340343422e-07	7.21306209264e-07	7.30644054845e-07	7.31863994809e-07	
4.09891175701e-08	4.09891281153e-08	4.09891265457e-08	4.09891631056e-08	4.09893373689e-08	4.09891879154e-08	4.09893333604e-08	4.09893267934e-08	9.26971378367e-10	8.96053278709e-10	1.13138104214e-09	0.0	6.58843124899e-10	6.85725633052e-10	7.02211828103e-10	6.92696463329e-10	7.07244960523e-10	4.69531523593e-10	7.11190155292e-10	6.68074547831e-10	7.58980285678e-10	4.55620230369e-10	5.97638143397e-10	2.13220994917e-09	4.10289763832e-08	9.59535720401e-08	9.75238116332e-08	9.75878864681e-08	9.72535608936e-08	9.72535608936e-08	9.62856737037e-08	9.819379132e-08	9.81128053958e-08	9.81128053958e-08	9.81128053958e-08	9.90835858344e-08	9.90835858344e-08	9.85580398406e-08	9.8385463122e-08	9.83759340353e-08	9.8337714261e-08	9.84383843521e-08	8.83771023617e-07	8.76006028443e-07	8.59257810484e-07	8.46823059467e-07	8.42404938041e-07	8.74879837093e-07	8.63679263036e-07	8.73256737902e-07	8.70141393987e-07	8.67067166095e-07	8.63886817882e-07	8.70354141932e-07	8.69629999056e-07	8.74299222831e-07	8.73262046293e-07	8.7106326909e-07	2.8482604156e-06	8.65930148764e-07	7.19423859265e-07	7.27771023617e-07	6.90447342994e-07	7.34792580463e-07	7.05471724464e-07	7.22437590306e-07	7.31775435887e-07	7.32995375851e-07	
4.1647960695e-08	4.16479712402e-08	4.16479696706e-08	4.16480062305e-08	4.16481804938e-08	4.16480310403e-08	4.16481764853e-08	4.16481699183e-08	1.58581450327e-09	2.3721015381e-10	4.72537917243e-10	6.58843124899e-10	0.0	2.68825081531e-11	4.33687032042e-11	3.38533384301e-11	4.84018356239e-11	1.89311601305e-10	5.2347030393e-11	9.23142293205e-12	1.0013716078e-10	2.0322289453e-10	6.12049815021e-11	1.47336682427e-09	4.16878195081e-08	9.52947289152e-08	9.68649685083e-08	9.69290433432e-08	9.65947177687e-08	9.65947177687e-08	9.56268305788e-08	9.75349481951e-08	9.74539622709e-08	9.74539622709e-08	9.74539622709e-08	9.84247427095e-08	9.84247427095e-08	9.78991967157e-08	9.77266199971e-08	9.77170909104e-08	9.76788711361e-08	9.77795412272e-08	8.83112180492e-07	8.75347185318e-07	8.58598967359e-07	8.46164216342e-07	8.41746094916e-07	8.74220993968e-07	8.63020419911e-07	8.72597894778e-07	8.69482550862e-07	8.6640832297e-07	8.63227974757e-07	8.69695298807e-07	8.68971155931e-07	8.73640379706e-07	8.72603203168e-07	8.70404425965e-07	2.84891925873e-06	8.65271305639e-07	7.1876501614e-07	7.27112180492e-07	6.8978849987e-07	7.34133737338e-07	7.04812881339e-07	7.21778747181e-07	7.31116592762e-07	7.32336532726e-07	
4.16748432032e-08	4.16748537484e-08	4.16748521787e-08	4.16748887387e-08	4.1675063002e-08	4.16749135485e-08	4.16750589935e-08	4.16750524264e-08	1.61269701142e-09	2.10327645657e-10	4.4565540909e-10	6.85725633052e-10	2.68825081531e-11	0.0	1.64861950511e-11	6.97083027701e-12	2.15193274708e-11	2.16194109459e-10	2.54645222398e-11	1.76510852211e-11	7.32546526265e-11	2.30105402683e-10	8.80874896552e-11	1.44648431611e-09	4.17147020163e-08	9.5267846407e-08	9.68380860002e-08	9.69021608351e-08	9.65678352606e-08	9.65678352606e-08	9.55999480707e-08	9.75080656869e-08	9.74270797628e-08	9.74270797628e-08	9.74270797628e-08	9.83978602014e-08	9.83978602014e-08	9.78723142076e-08	9.7699737489e-08	9.76902084022e-08	9.76519886279e-08	9.77526587191e-08	8.83085297984e-07	8.7532030281e-07	8.58572084851e-07	8.46137333833e-07	8.41719212408e-07	8.7419411146e-07	8.62993537403e-07	8.72571012269e-07	8.69455668354e-07	8.66381440462e-07	8.63201092249e-07	8.69668416299e-07	8.68944273423e-07	8.73613497198e-07	8.7257632066e-07	8.70377543457e-07	2.84894614124e-06	8.65244423131e-07	7.18738133632e-07	7.27085297984e-07	6.89761617361e-07	7.3410685483e-07	7.04785998831e-07	7.21751864673e-07	7.31089710254e-07	7.32309650218e-07	
4.16913293982e-08	4.16913399434e-08	4.16913383738e-08	4.16913749337e-08	4.1691549197e-08	4.16913997435e-08	4.16915451886e-08	4.16915386215e-08	1.62918320647e-09	1.93841450606e-10	4.29169214039e-10	7.02211828103e-10	4.33687032042e-11	1.64861950511e-11	0.0	9.51536477406e-12	5.03313241972e-12	2.3268030451e-10	8.97832718877e-12	3.41372802721e-11	5.67684575755e-11	2.46591597734e-10	1.04573684706e-10	1.42999812106e-09	4.17311882114e-08	9.5251360212e-08	9.68215998051e-08	9.688567464e-08	9.65513490655e-08	9.65513490655e-08	9.55834618756e-08	9.74915794919e-08	9.74105935677e-08	9.74105935677e-08	9.74105935677e-08	9.83813740063e-08	9.83813740063e-08	9.78558280125e-08	9.76832512939e-08	9.76737222072e-08	9.76355024329e-08	9.7736172524e-08	8.83068811789e-07	8.75303816615e-07	8.58555598656e-07	8.46120847638e-07	8.41702726213e-07	8.74177625265e-07	8.62977051208e-07	8.72554526074e-07	8.69439182159e-07	8.66364954267e-07	8.63184606054e-07	8.69651930104e-07	8.68927787228e-07	8.73597011003e-07	8.72559834465e-07	8.70361057262e-07	2.84896262743e-06	8.65227936936e-07	7.18721647437e-07	7.27068811789e-07	6.89745131166e-07	7.34090368635e-07	7.04769512636e-07	7.21735378478e-07	7.31073224059e-07	7.32293164023e-07	
4.16818140335e-08	4.16818245786e-08	4.1681823009e-08	4.1681859569e-08	4.16820338323e-08	4.16818843787e-08	4.16820298238e-08	4.16820232567e-08	1.6196678417e-09	2.0335681538e-10	4.38684578813e-10	6.92696463329e-10	3.38533384301e-11	6.97083027701e-12	9.51536477406e-12	0.0	1.45484971938e-11	2.23164939736e-10	1.84936919628e-11	2.46219154981e-11	6.62838223495e-11	2.3707623296e-10	9.50583199322e-11	1.43951348584e-09	4.17216728466e-08	9.52608755768e-08	9.68311151699e-08	9.68951900048e-08	9.65608644303e-08	9.65608644303e-08	9.55929772404e-08	9.75010948566e-08	9.74201089325e-08	9.74201089325e-08	9.74201089325e-08	9.83908893711e-08	9.83908893711e-08	9.78653433773e-08	9.76927666587e-08	9.76832375719e-08	9.76450177976e-08	9.77456878888e-08	8.83078327153e-07	8.7531333198e-07	8.58565114021e-07	8.46130363003e-07	8.41712241578e-07	8.7418714063e-07	8.62986566572e-07	8.72564041439e-07	8.69448697524e-07	8.66374469631e-07	8.63194121418e-07	8.69661445469e-07	8.68937302592e-07	8.73606526367e-07	8.7256934983e-07	8.70370572627e-07	2.84895311207e-06	8.65237452301e-07	7.18731162802e-07	7.27078327153e-07	6.89754646531e-07	7.34099883999e-07	7.04779028e-07	7.21744893842e-07	7.31082739424e-07	7.32302679388e-07	
4.16963625307e-08	4.16963730758e-08	4.16963715062e-08	4.16964080662e-08	4.16965823295e-08	4.16964328759e-08	4.1696578321e-08	4.16965717539e-08	1.63421633889e-09	1.88808318186e-10	4.24136081619e-10	7.07244960523e-10	4.84018356239e-11	2.15193274708e-11	5.03313241972e-12	1.45484971938e-11	0.0	2.37713436929e-10	3.94519476904e-12	3.91704126919e-11	5.17353251557e-11	2.51624730154e-10	1.09606817126e-10	1.42496498864e-09	4.17362213438e-08	9.52463270796e-08	9.68165666727e-08	9.68806415076e-08	9.65463159331e-08	9.65463159331e-08	9.55784287432e-08	9.74865463595e-08	9.74055604353e-08	9.74055604353e-08	9.74055604353e-08	9.83763408739e-08	9.83763408739e-08	9.78507948801e-08	9.76782181615e-08	9.76686890747e-08	9.76304693004e-08	9.77311393916e-08	8.83063778656e-07	8.75298783483e-07	8.58550565523e-07	8.46115814506e-07	8.4169769308e-07	8.74172592133e-07	8.62972018075e-07	8.72549492942e-07	8.69434149027e-07	8.66359921134e-07	8.63179572921e-07	8.69646896972e-07	8.68922754095e-07	8.7359197787e-07	8.72554801333e-07	8.70356024129e-07	2.84896766056e-06	8.65222903803e-07	7.18716614304e-07	7.27063778656e-07	6.89740098034e-07	7.34085335502e-07	7.04764479503e-07	7.21730345345e-07	7.31068190926e-07	7.32288130891e-07	
4.14586490937e-08	4.14586596389e-08	4.14586580693e-08	4.14586946292e-08	4.14588688925e-08	4.1458719439e-08	4.1458864884e-08	4.1458858317e-08	1.39650290196e-09	4.26521755116e-10	6.61849518549e-10	4.69531523593e-10	1.89311601305e-10	2.16194109459e-10	2.3268030451e-10	2.23164939736e-10	2.37713436929e-10	0.0	2.41658631698e-10	1.98543024238e-10	2.89448762085e-10	1.39112932246e-11	1.28106619803e-10	1.66267842557e-09	4.14985079068e-08	9.54840405165e-08	9.70542801096e-08	9.71183549445e-08	9.678402937e-08	9.678402937e-08	9.58161421801e-08	9.77242597964e-08	9.76432738722e-08	9.76432738722e-08	9.76432738722e-08	9.86140543108e-08	9.86140543108e-08	9.8088508317e-08	9.79159315984e-08	9.79064025117e-08	9.78681827374e-08	9.79688528286e-08	8.83301492093e-07	8.7553649692e-07	8.5878827896e-07	8.46353527943e-07	8.41935406517e-07	8.7441030557e-07	8.63209731512e-07	8.72787206379e-07	8.69671862464e-07	8.66597634571e-07	8.63417286358e-07	8.69884610409e-07	8.69160467532e-07	8.73829691307e-07	8.7279251477e-07	8.70593737566e-07	2.84872994713e-06	8.6546061724e-07	7.18954327741e-07	7.27301492093e-07	6.89977811471e-07	7.34323048939e-07	7.0500219294e-07	7.21968058782e-07	7.31305904363e-07	7.32525844328e-07	
4.17003077254e-08	4.17003182706e-08	4.1700316701e-08	4.17003532609e-08	4.17005275242e-08	4.17003780707e-08	4.17005235157e-08	4.17005169487e-08	1.63816153366e-09	1.84863123417e-10	4.2019088685e-10	7.11190155292e-10	5.2347030393e-11	2.54645222398e-11	8.97832718877e-12	1.84936919628e-11	3.94519476904e-12	2.41658631698e-10	0.0	4.31156074609e-11	4.77901303867e-11	2.55569924923e-10	1.13552011895e-10	1.42101979387e-09	4.17401665385e-08	9.52423818848e-08	9.68126214779e-08	9.68766963128e-08	9.65423707383e-08	9.65423707383e-08	9.55744835484e-08	9.74826011647e-08	9.74016152405e-08	9.74016152405e-08	9.74016152405e-08	9.83723956791e-08	9.83723956791e-08	9.78468496853e-08	9.76742729667e-08	9.766474388e-08	9.76265241057e-08	9.77271941969e-08	8.83059833461e-07	8.75294838288e-07	8.58546620329e-07	8.46111869311e-07	8.41693747886e-07	8.74168646938e-07	8.6296807288e-07	8.72545547747e-07	8.69430203832e-07	8.66355975939e-07	8.63175627726e-07	8.69642951777e-07	8.68918808901e-07	8.73588032676e-07	8.72550856138e-07	8.70352078935e-07	2.84897160576e-06	8.65218958609e-07	7.1871266911e-07	7.27059833461e-07	6.89736152839e-07	7.34081390307e-07	7.04760534308e-07	7.2172640015e-07	7.31064245732e-07	7.32284185696e-07	
4.1657192118e-08	4.16572026631e-08	4.16572010935e-08	4.16572376535e-08	4.16574119168e-08	4.16572624632e-08	4.16574079083e-08	4.16574013412e-08	1.5950459262e-09	2.27978730878e-10	4.63306494311e-10	6.68074547831e-10	9.23142293205e-12	1.76510852211e-11	3.41372802721e-11	2.46219154981e-11	3.91704126919e-11	1.98543024238e-10	4.31156074609e-11	0.0	9.09057378476e-11	2.12454317462e-10	7.04364044341e-11	1.46413540134e-09	4.16970509311e-08	9.52854974923e-08	9.68557370854e-08	9.69198119203e-08	9.65854863458e-08	9.65854863458e-08	9.56175991559e-08	9.75257167721e-08	9.7444730848e-08	9.7444730848e-08	9.7444730848e-08	9.84155112866e-08	9.84155112866e-08	9.78899652928e-08	9.77173885742e-08	9.77078594874e-08	9.76696397131e-08	9.77703098043e-08	8.83102949069e-07	8.75337953895e-07	8.58589735936e-07	8.46154984919e-07	8.41736863493e-07	8.74211762545e-07	8.63011188488e-07	8.72588663355e-07	8.69473319439e-07	8.66399091547e-07	8.63218743334e-07	8.69686067384e-07	8.68961924508e-07	8.73631148283e-07	8.72593971745e-07	8.70395194542e-07	2.84892849015e-06	8.65262074216e-07	7.18755784717e-07	7.27102949069e-07	6.89779268447e-07	7.34124505915e-07	7.04803649916e-07	7.21769515758e-07	7.31107361339e-07	7.32327301303e-07	
4.17480978558e-08	4.1748108401e-08	4.17481068314e-08	4.17481433913e-08	4.17483176546e-08	4.17481682011e-08	4.17483136461e-08	4.17483070791e-08	1.68595166405e-09	1.3707299303e-10	3.72400756464e-10	7.58980285678e-10	1.0013716078e-10	7.32546526265e-11	5.67684575755e-11	6.62838223495e-11	5.17353251557e-11	2.89448762085e-10	4.77901303867e-11	9.09057378476e-11	0.0	3.0336005531e-10	1.61342142282e-10	1.37322966349e-09	4.17879566689e-08	9.51945917544e-08	9.67648313475e-08	9.68289061825e-08	9.6494580608e-08	9.6494580608e-08	9.5526693418e-08	9.74348110343e-08	9.73538251101e-08	9.73538251101e-08	9.73538251101e-08	9.83246055488e-08	9.83246055488e-08	9.7799059555e-08	9.76264828363e-08	9.76169537496e-08	9.75787339753e-08	9.76794040665e-08	8.83012043331e-07	8.75247048158e-07	8.58498830198e-07	8.46064079181e-07	8.41645957755e-07	8.74120856808e-07	8.6292028275e-07	8.72497757617e-07	8.69382413701e-07	8.66308185809e-07	8.63127837596e-07	8.69595161647e-07	8.6887101877e-07	8.73540242545e-07	8.72503066008e-07	8.70304288804e-07	2.84901939589e-06	8.65171168478e-07	7.18664878979e-07	7.27012043331e-07	6.89688362709e-07	7.34033600177e-07	7.04712744178e-07	7.2167861002e-07	7.31016455601e-07	7.32236395566e-07	
4.14447378005e-08	4.14447483457e-08	4.14447467761e-08	4.1444783336e-08	4.14449575993e-08	4.14448081458e-08	4.14449535908e-08	4.14449470237e-08	1.38259160874e-09	4.4043304834e-10	6.75760811773e-10	4.55620230369e-10	2.0322289453e-10	2.30105402683e-10	2.46591597734e-10	2.3707623296e-10	2.51624730154e-10	1.39112932246e-11	2.55569924923e-10	2.12454317462e-10	3.0336005531e-10	0.0	1.42017913028e-10	1.6765897188e-09	4.14845966136e-08	9.54979518097e-08	9.70681914029e-08	9.71322662378e-08	9.67979406633e-08	9.67979406633e-08	9.58300534733e-08	9.77381710896e-08	9.76571851654e-08	9.76571851654e-08	9.76571851654e-08	9.86279656041e-08	9.86279656041e-08	9.81024196103e-08	9.79298428916e-08	9.79203138049e-08	9.78820940306e-08	9.79827641218e-08	8.83315403386e-07	8.75550408213e-07	8.58802190254e-07	8.46367439236e-07	8.4194931781e-07	8.74424216863e-07	8.63223642805e-07	8.72801117672e-07	8.69685773757e-07	8.66611545864e-07	8.63431197651e-07	8.69898521702e-07	8.69174378825e-07	8.738436026e-07	8.72806426063e-07	8.7060764886e-07	2.84871603583e-06	8.65474528533e-07	7.18968239035e-07	7.27315403386e-07	6.89991722764e-07	7.34336960232e-07	7.05016104233e-07	7.21981970075e-07	7.31319815656e-07	7.32539755621e-07	
4.15867557135e-08	4.15867662587e-08	4.15867646891e-08	4.1586801249e-08	4.15869755123e-08	4.15868260588e-08	4.15869715038e-08	4.15869649368e-08	1.52460952176e-09	2.98415135312e-10	5.33742898745e-10	5.97638143397e-10	6.12049815021e-11	8.80874896552e-11	1.04573684706e-10	9.50583199322e-11	1.09606817126e-10	1.28106619803e-10	1.13552011895e-10	7.04364044341e-11	1.61342142282e-10	1.42017913028e-10	0.0	1.53457180577e-09	4.16266145266e-08	9.53559338967e-08	9.69261734898e-08	9.69902483247e-08	9.66559227502e-08	9.66559227502e-08	9.56880355603e-08	9.75961531766e-08	9.75151672524e-08	9.75151672524e-08	9.75151672524e-08	9.8485947691e-08	9.8485947691e-08	9.79604016972e-08	9.77878249786e-08	9.77782958919e-08	9.77400761176e-08	9.78407462087e-08	8.83173385473e-07	8.754083903e-07	8.58660172341e-07	8.46225421323e-07	8.41807299897e-07	8.7428219895e-07	8.63081624892e-07	8.72659099759e-07	8.69543755844e-07	8.66469527951e-07	8.63289179738e-07	8.69756503789e-07	8.69032360912e-07	8.73701584687e-07	8.7266440815e-07	8.70465630947e-07	2.84885805375e-06	8.6533251062e-07	7.18826221122e-07	7.27173385473e-07	6.89849704851e-07	7.34194942319e-07	7.0487408632e-07	7.21839952162e-07	7.31177797743e-07	7.32397737708e-07	
4.31213275193e-08	4.31213380645e-08	4.31213364948e-08	4.31213730548e-08	4.31215473181e-08	4.31213978646e-08	4.31215433096e-08	4.31215367425e-08	3.05918132753e-09	1.23615667046e-09	1.00082890702e-09	2.13220994917e-09	1.47336682427e-09	1.44648431611e-09	1.42999812106e-09	1.43951348584e-09	1.42496498864e-09	1.66267842557e-09	1.42101979387e-09	1.46413540134e-09	1.37322966349e-09	1.6765897188e-09	1.53457180577e-09	0.0	4.31611863324e-08	9.38213620909e-08	9.53916016841e-08	9.5455676519e-08	9.51213509445e-08	9.51213509445e-08	9.41534637545e-08	9.60615813708e-08	9.59805954466e-08	9.59805954466e-08	9.59805954466e-08	9.69513758853e-08	9.69513758853e-08	9.64258298915e-08	9.62532531728e-08	9.62437240861e-08	9.62055043118e-08	9.6306174403e-08	8.81638813668e-07	8.73873818494e-07	8.57125600535e-07	8.44690849517e-07	8.40272728092e-07	8.72747627144e-07	8.61547053087e-07	8.71124527953e-07	8.68009184038e-07	8.64934956146e-07	8.61754607932e-07	8.68221931983e-07	8.67497789107e-07	8.72167012882e-07	8.71129836344e-07	8.68931059141e-07	2.85039262555e-06	8.63797938815e-07	7.17291649316e-07	7.25638813668e-07	6.88315133045e-07	7.32660370514e-07	7.03339514515e-07	7.20305380356e-07	7.29643225938e-07	7.30863165902e-07	
3.98588131201e-11	3.98482679435e-11	3.98498375676e-11	3.98132776209e-11	3.96390143094e-11	3.97884678426e-11	3.96430228008e-11	3.96495898702e-11	4.01020050049e-08	4.1925029662e-08	4.21603574254e-08	4.10289763832e-08	4.16878195081e-08	4.17147020163e-08	4.17311882114e-08	4.17216728466e-08	4.17362213438e-08	4.14985079068e-08	4.17401665385e-08	4.16970509311e-08	4.17879566689e-08	4.14845966136e-08	4.16266145266e-08	4.31611863324e-08	0.0	1.36982548423e-07	1.38552788016e-07	1.38616862851e-07	1.38282537277e-07	1.38282537277e-07	1.37314650087e-07	1.39222767703e-07	1.39141781779e-07	1.39141781779e-07	1.39141781779e-07	1.40112562218e-07	1.40112562218e-07	1.39587016224e-07	1.39414439505e-07	1.39404910419e-07	1.39366690644e-07	1.39467360735e-07	9.248e-07	9.17035004827e-07	9.00286786867e-07	8.8785203585e-07	8.83433914424e-07	9.15908813477e-07	9.04708239419e-07	9.14285714286e-07	9.1117037037e-07	9.08096142478e-07	9.04915794265e-07	9.11383118315e-07	9.10658975439e-07	9.15328199214e-07	9.14291022677e-07	9.12092245473e-07	2.80723143922e-06	9.06959125147e-07	7.60452835648e-07	7.688e-07	7.31476319378e-07	7.75821556846e-07	7.46500700847e-07	7.63466566689e-07	7.7280441227e-07	7.74024352234e-07	
1.3694268961e-07	1.36942700155e-07	1.36942698586e-07	1.36942735146e-07	1.36942909409e-07	1.36942759955e-07	1.36942905401e-07	1.36942898833e-07	9.68805434184e-08	9.50575187614e-08	9.48221909979e-08	9.59535720401e-08	9.52947289152e-08	9.5267846407e-08	9.5251360212e-08	9.52608755768e-08	9.52463270796e-08	9.54840405165e-08	9.52423818848e-08	9.52854974923e-08	9.51945917544e-08	9.54979518097e-08	9.53559338967e-08	9.38213620909e-08	1.36982548423e-07	0.0	1.57023959314e-09	1.63431442805e-09	1.29998885356e-09	1.29998885356e-09	3.32101663633e-10	2.24021927989e-09	2.15923335572e-09	2.15923335572e-09	2.15923335572e-09	3.13001379436e-09	3.13001379436e-09	2.60446780055e-09	2.43189108192e-09	2.42236199518e-09	2.38414222088e-09	2.48481231206e-09	7.87817451577e-07	7.80052456403e-07	7.63304238444e-07	7.50869487426e-07	7.46451366001e-07	7.78926265053e-07	7.67725690996e-07	7.77303165862e-07	7.74187821947e-07	7.71113594055e-07	7.67933245842e-07	7.74400569892e-07	7.73676427016e-07	7.78345650791e-07	7.77308474253e-07	7.7510969705e-07	2.94421398764e-06	7.69976576724e-07	6.23470287225e-07	6.31817451577e-07	5.94493770954e-07	6.38839008423e-07	6.09518152424e-07	6.26484018266e-07	6.35821863847e-07	6.37041803811e-07	
1.38512929203e-07	1.38512939749e-07	1.38512938179e-07	1.38512974739e-07	1.38513149002e-07	1.38512999549e-07	1.38513144994e-07	1.38513138427e-07	9.84507830116e-08	9.66277583545e-08	9.63924305911e-08	9.75238116332e-08	9.68649685083e-08	9.68380860002e-08	9.68215998051e-08	9.68311151699e-08	9.68165666727e-08	9.70542801096e-08	9.68126214779e-08	9.68557370854e-08	9.67648313475e-08	9.70681914029e-08	9.69261734898e-08	9.53916016841e-08	1.38552788016e-07	1.57023959314e-09	0.0	6.40748349108e-11	2.7025073958e-10	2.7025073958e-10	1.2381379295e-09	6.69979686757e-10	5.88993762584e-10	5.88993762584e-10	5.88993762584e-10	1.55977420122e-09	1.55977420122e-09	1.03422820741e-09	8.61651488783e-10	8.52122402044e-10	8.13902627746e-10	9.14572718927e-10	7.86247211984e-07	7.7848221681e-07	7.61733998851e-07	7.49299247833e-07	7.44881126408e-07	7.7735602546e-07	7.66155451403e-07	7.75732926269e-07	7.72617582354e-07	7.69543354462e-07	7.66363006248e-07	7.72830330299e-07	7.72106187423e-07	7.76775411198e-07	7.7573823466e-07	7.73539457457e-07	2.94578422724e-06	7.68406337131e-07	6.21900047632e-07	6.30247211984e-07	5.92923531361e-07	6.3726876883e-07	6.0794791283e-07	6.24913778672e-07	6.34251624254e-07	6.35471564218e-07	
1.38577004038e-07	1.38577014583e-07	1.38577013014e-07	1.38577049574e-07	1.38577223837e-07	1.38577074384e-07	1.38577219829e-07	1.38577213262e-07	9.85148578465e-08	9.66918331894e-08	9.6456505426e-08	9.75878864681e-08	9.69290433432e-08	9.69021608351e-08	9.688567464e-08	9.68951900048e-08	9.68806415076e-08	9.71183549445e-08	9.68766963128e-08	9.69198119203e-08	9.68289061825e-08	9.71322662378e-08	9.69902483247e-08	9.5455676519e-08	1.38616862851e-07	1.63431442805e-09	6.40748349108e-11	0.0	3.34325574491e-10	3.34325574491e-10	1.30221276442e-09	6.05904851846e-10	5.24918927673e-10	5.24918927673e-10	5.24918927673e-10	1.49569936631e-09	1.49569936631e-09	9.70153372503e-10	7.97576653872e-10	7.88047567133e-10	7.49827792835e-10	8.50497884017e-10	7.86183137149e-07	7.78418141975e-07	7.61669924016e-07	7.49235172998e-07	7.44817051573e-07	7.77291950625e-07	7.66091376568e-07	7.75668851434e-07	7.72553507519e-07	7.69479279627e-07	7.66298931414e-07	7.72766255464e-07	7.72042112588e-07	7.76711336363e-07	7.75674159825e-07	7.73475382622e-07	2.94584830207e-06	7.68342262296e-07	6.21835972797e-07	6.30183137149e-07	5.92859456526e-07	6.37204693995e-07	6.07883837996e-07	6.24849703838e-07	6.34187549419e-07	6.35407489383e-07	
1.38242678464e-07	1.38242689009e-07	1.38242687439e-07	1.38242723999e-07	1.38242898263e-07	1.38242748809e-07	1.38242894254e-07	1.38242887687e-07	9.8180532272e-08	9.63575076149e-08	9.61221798515e-08	9.72535608936e-08	9.65947177687e-08	9.65678352606e-08	9.65513490655e-08	9.65608644303e-08	9.65463159331e-08	9.678402937e-08	9.65423707383e-08	9.65854863458e-08	9.6494580608e-08	9.67979406633e-08	9.66559227502e-08	9.51213509445e-08	1.38282537277e-07	1.29998885356e-09	2.7025073958e-10	3.34325574491e-10	0.0	0.0	9.67887189924e-10	9.40230426337e-10	8.59244502164e-10	8.59244502164e-10	8.59244502164e-10	1.8300249408e-09	1.8300249408e-09	1.30447894699e-09	1.13190222836e-09	1.12237314162e-09	1.08415336733e-09	1.18482345851e-09	7.86517462723e-07	7.7875246755e-07	7.6200424959e-07	7.49569498573e-07	7.45151377147e-07	7.776262762e-07	7.66425702142e-07	7.76003177009e-07	7.72887833093e-07	7.69813605201e-07	7.66633256988e-07	7.73100581039e-07	7.72376438162e-07	7.77045661937e-07	7.760084854e-07	7.73809708196e-07	2.9455139765e-06	7.6867658787e-07	6.22170298371e-07	6.30517462723e-07	5.93193782101e-07	6.37539019569e-07	6.0821816357e-07	6.25184029412e-07	6.34521874993e-07	6.35741814958e-07	
1.38242678464e-07	1.38242689009e-07	1.38242687439e-07	1.38242723999e-07	1.38242898263e-07	1.38242748809e-07	1.38242894254e-07	1.38242887687e-07	9.8180532272e-08	9.63575076149e-08	9.61221798515e-08	9.72535608936e-08	9.65947177687e-08	9.65678352606e-08	9.65513490655e-08	9.65608644303e-08	9.65463159331e-08	9.678402937e-08	9.65423707383e-08	9.65854863458e-08	9.6494580608e-08	9.67979406633e-08	9.66559227502e-08	9.51213509445e-08	1.38282537277e-07	1.29998885356e-09	2.7025073958e-10	3.34325574491e-10	0.0	0.0	9.67887189924e-10	9.40230426337e-10	8.59244502164e-10	8.59244502164e-10	8.59244502164e-10	1.8300249408e-09	1.8300249408e-09	1.30447894699e-09	1.13190222836e-09	1.12237314162e-09	1.08415336733e-09	1.18482345851e-09	7.86517462723e-07	7.7875246755e-07	7.6200424959e-07	7.49569498573e-07	7.45151377147e-07	7.776262762e-07	7.66425702142e-07	7.76003177009e-07	7.72887833093e-07	7.69813605201e-07	7.66633256988e-07	7.73100581039e-07	7.72376438162e-07	7.77045661937e-07	7.760084854e-07	7.73809708196e-07	2.9455139765e-06	7.6867658787e-07	6.22170298371e-07	6.30517462723e-07	5.93193782101e-07	6.37539019569e-07	6.0821816357e-07	6.25184029412e-07	6.34521874993e-07	6.35741814958e-07	
1.37274791274e-07	1.37274801819e-07	1.37274800249e-07	1.37274836809e-07	1.37275011073e-07	1.37274861619e-07	1.37275007064e-07	1.37275000497e-07	9.72126450821e-08	9.5389620425e-08	9.51542926616e-08	9.62856737037e-08	9.56268305788e-08	9.55999480707e-08	9.55834618756e-08	9.55929772404e-08	9.55784287432e-08	9.58161421801e-08	9.55744835484e-08	9.56175991559e-08	9.5526693418e-08	9.58300534733e-08	9.56880355603e-08	9.41534637545e-08	1.37314650087e-07	3.32101663633e-10	1.2381379295e-09	1.30221276442e-09	9.67887189924e-10	9.67887189924e-10	0.0	1.90811761626e-09	1.82713169209e-09	1.82713169209e-09	1.82713169209e-09	2.79791213072e-09	2.79791213072e-09	2.27236613692e-09	2.09978941829e-09	2.09026033155e-09	2.05204055725e-09	2.15271064843e-09	7.87485349913e-07	7.7972035474e-07	7.6297213678e-07	7.50537385763e-07	7.46119264337e-07	7.7859416339e-07	7.67393589332e-07	7.76971064199e-07	7.73855720283e-07	7.70781492391e-07	7.67601144178e-07	7.74068468229e-07	7.73344325352e-07	7.78013549127e-07	7.7697637259e-07	7.74777595386e-07	2.94454608931e-06	7.6964447506e-07	6.23138185561e-07	6.31485349913e-07	5.94161669291e-07	6.38506906759e-07	6.0918605076e-07	6.26151916602e-07	6.35489762183e-07	6.36709702148e-07	
1.3918290889e-07	1.39182919435e-07	1.39182917866e-07	1.39182954426e-07	1.39183128689e-07	1.39182979235e-07	1.3918312468e-07	1.39183118113e-07	9.91207626983e-08	9.72977380413e-08	9.70624102778e-08	9.819379132e-08	9.75349481951e-08	9.75080656869e-08	9.74915794919e-08	9.75010948566e-08	9.74865463595e-08	9.77242597964e-08	9.74826011647e-08	9.75257167721e-08	9.74348110343e-08	9.77381710896e-08	9.75961531766e-08	9.60615813708e-08	1.39222767703e-07	2.24021927989e-09	6.69979686757e-10	6.05904851846e-10	9.40230426337e-10	9.40230426337e-10	1.90811761626e-09	0.0	8.09859241733e-11	8.09859241733e-11	8.09859241733e-11	8.89794514462e-10	8.89794514462e-10	3.64248520656e-10	1.91671802026e-10	1.82142715287e-10	1.43922940989e-10	2.4459303217e-10	7.85577232297e-07	7.77812237123e-07	7.61064019164e-07	7.48629268147e-07	7.44211146721e-07	7.76686045773e-07	7.65485471716e-07	7.75062946582e-07	7.71947602667e-07	7.68873374775e-07	7.65693026562e-07	7.72160350612e-07	7.71436207736e-07	7.76105431511e-07	7.75068254973e-07	7.7286947777e-07	2.94645420692e-06	7.67736357444e-07	6.21230067945e-07	6.29577232297e-07	5.92253551675e-07	6.36598789143e-07	6.07277933144e-07	6.24243798986e-07	6.33581644567e-07	6.34801584531e-07	
1.39101922966e-07	1.39101933511e-07	1.39101931941e-07	1.39101968501e-07	1.39102142765e-07	1.39101993311e-07	1.39102138756e-07	1.39102132189e-07	9.90397767742e-08	9.72167521171e-08	9.69814243537e-08	9.81128053958e-08	9.74539622709e-08	9.74270797628e-08	9.74105935677e-08	9.74201089325e-08	9.74055604353e-08	9.76432738722e-08	9.74016152405e-08	9.7444730848e-08	9.73538251101e-08	9.76571851654e-08	9.75151672524e-08	9.59805954466e-08	1.39141781779e-07	2.15923335572e-09	5.88993762584e-10	5.24918927673e-10	8.59244502164e-10	8.59244502164e-10	1.82713169209e-09	8.09859241733e-11	0.0	0.0	0.0	9.70780438635e-10	9.70780438635e-10	4.4523444483e-10	2.72657726199e-10	2.6312863946e-10	2.24908865162e-10	3.25578956343e-10	7.85658218221e-07	7.77893223047e-07	7.61145005088e-07	7.48710254071e-07	7.44292132645e-07	7.76767031698e-07	7.6556645764e-07	7.75143932507e-07	7.72028588591e-07	7.68954360699e-07	7.65774012486e-07	7.72241336536e-07	7.7151719366e-07	7.76186417435e-07	7.75149240898e-07	7.72950463694e-07	2.946373221e-06	7.67817343368e-07	6.21311053869e-07	6.29658218221e-07	5.92334537599e-07	6.36679775067e-07	6.07358919068e-07	6.2432478491e-07	6.33662630491e-07	6.34882570455e-07	
